1,1,122.26,334.3,132.79000000000002,58.0,1,1,1.0
1,2,733.5,268.9,70.10000000000002,35.89000000000004,1,1,1.0
1,3,209.1,251.7,93.00000000000003,39.69999999999999,1,1,0.0
2,1,99.08,337.32,136.92000000000002,60.28000000000003,1,1,1.0
2,2,721.2,269.4,70.19999999999993,37.5,1,1,1.0
2,3,209.5,251.7,92.60000000000002,39.69999999999999,1,1,0.0
3,1,74.0,341.3,140.9,60.80000000000001,1,1,1.0
3,2,705.81,271.3,73.8900000000001,37.5,1,1,1.0
3,3,209.5,251.7,92.60000000000002,39.93000000000001,1,1,0.0
4,1,48.3,344.7,141.8,62.5,1,1,1.0
4,2,692.74,274.2,75.86000000000001,38.0,1,1,1.0
4,3,209.5,251.7,92.60000000000002,40.170000000000016,1,1,0.0
5,1,22.3,347.5,147.7,64.0,1,1,1.0
5,2,679.0,274.78,75.0,38.82000000000005,1,1,1.0
5,3,209.5,251.7,92.60000000000002,40.400000000000034,1,1,0.0
6,1,0.8,352.3,144.79999999999998,65.0,1,1,1.0
6,2,664.65,276.4,76.75,39.400000000000034,1,1,1.0
6,3,209.5,251.7,92.60000000000002,40.629999999999995,1,1,0.0
7,1,0.8,356.2,121.5,65.40000000000003,1,1,1.0
7,2,650.1,277.8,77.92999999999995,40.89999999999998,1,1,1.0
7,3,209.5,251.7,92.60000000000002,40.870000000000005,1,1,0.0
8,1,0.8,359.3,99.10000000000001,68.59999999999997,1,1,1.0
8,2,634.8,280.35,80.5,40.89999999999998,1,1,1.0
8,3,209.5,251.7,92.60000000000002,41.10000000000002,1,1,0.0
9,1,0.8,365.1,75.8,55.599999999999966,1,1,1.0
9,2,619.99,283.35,82.00999999999999,40.89999999999998,1,1,1.0
9,3,209.5,251.7,92.60000000000002,41.10000000000002,1,1,0.0
10,1,0.8,368.7,51.300000000000004,57.0,1,1,1.0
10,2,605.2,286.1,82.19999999999993,41.049999999999955,1,1,1.0
10,3,209.5,251.7,92.60000000000002,41.10000000000002,1,1,0.0
11,1,0.8,382.6,24.0,45.299999999999955,1,1,1.0
11,2,590.0,286.9,83.39999999999998,41.60000000000002,1,1,1.0
11,3,209.5,251.7,92.60000000000002,41.10000000000002,1,1,0.0
12,2,574.84,289.33,85.15999999999997,42.870000000000005,1,1,0.0
12,3,209.5,251.7,92.60000000000002,41.10000000000002,1,1,1.0
13,2,558.64,291.99,87.25999999999999,37.20999999999998,1,1,0.0
13,3,209.5,251.9,92.60000000000002,40.900000000000006,1,1,1.0
14,2,544.25,292.29,86.04999999999995,44.10999999999996,1,1,0.0
14,3,209.5,252.1,92.60000000000002,40.70000000000002,1,1,1.0
15,2,527.1,292.99,88.29999999999995,48.00999999999999,1,1,0.0
15,3,209.5,252.3,92.60000000000002,40.5,1,1,1.0
16,2,511.0,295.93,90.29999999999995,48.01999999999998,1,1,0.0
16,3,209.5,252.5,92.60000000000002,40.30000000000001,1,1,1.0
17,2,492.53,298.34,93.26999999999998,48.01000000000005,1,1,0.0
17,3,209.5,252.7,92.60000000000002,40.10000000000002,1,1,1.0
18,2,474.19,300.3,94.91000000000003,50.46999999999997,1,1,0.0
18,3,209.51,252.7,92.60000000000002,40.10000000000002,1,1,1.0
19,2,458.52,303.11,96.18000000000006,50.46999999999997,1,1,0.0
19,3,209.51,252.7,92.60000000000002,40.10000000000002,1,1,1.0
20,2,440.85,305.65,93.04999999999995,50.48000000000002,1,1,1.0
20,3,209.52,252.7,92.6,40.10000000000002,1,1,1.0
21,2,422.78,307.1,101.12,52.599999999999966,1,1,1.0
21,3,209.53,252.7,92.6,40.10000000000002,1,1,1.0
22,2,404.44,310.06,102.66000000000003,54.73000000000002,1,1,1.0
22,3,209.53,252.7,92.6,40.10000000000002,1,1,1.0
23,2,387.76,313.3,103.84000000000003,56.349999999999966,1,1,1.0
23,3,209.54,252.7,92.6,40.10000000000002,1,1,1.0
24,2,367.85,316.7,106.88,55.73000000000002,1,1,1.0
24,3,209.55,252.7,92.59999999999997,40.10000000000002,1,1,1.0
25,2,350.2,319.94,106.19999999999999,56.860000000000014,1,1,1.0
25,3,209.55,252.7,92.59999999999997,40.10000000000002,1,1,1.0
26,2,328.4,324.3,110.63,56.89999999999998,1,1,1.0
26,3,209.56,252.7,92.60000000000002,40.10000000000002,1,1,1.0
27,2,308.75,329.2,111.35000000000002,56.400000000000034,1,1,1.0
27,3,209.57,252.7,92.60000000000002,40.10000000000002,1,1,1.0
28,2,286.05,332.4,118.25,57.10000000000002,1,1,1.0
28,3,209.57,252.7,92.60000000000002,40.10000000000002,1,1,1.0
29,2,265.44,335.9,118.95999999999998,58.5,1,1,1.0
29,3,209.58,252.7,92.6,40.10000000000002,1,1,1.0
30,2,245.5,338.7,120.0,60.10000000000002,1,1,1.0
30,3,209.59,252.7,92.6,40.10000000000002,1,1,1.0
31,2,223.5,342.9,123.39999999999998,60.53000000000003,1,1,1.0
31,3,209.59,252.7,92.6,40.10000000000002,1,1,1.0
32,2,199.42,346.61,128.28,60.52999999999997,1,1,1.0
32,3,209.6,252.7,92.6,40.10000000000002,1,1,1.0
33,2,175.79,350.5,130.10999999999999,62.89999999999998,1,1,1.0
33,3,209.61,252.7,92.59999999999997,40.10000000000002,1,1,1.0
34,2,151.5,354.2,135.60000000000002,64.5,1,1,1.0
34,3,209.61,252.7,92.59999999999997,40.10000000000002,1,1,1.0
35,2,125.77,357.6,139.13,68.53999999999996,1,1,1.0
35,3,209.62,252.7,92.60000000000002,40.10000000000002,1,1,1.0
36,2,101.28,361.6,141.52,70.09999999999997,1,1,1.0
36,3,209.63,252.7,92.60000000000002,40.10000000000002,1,1,1.0
37,2,73.69,365.6,150.21,71.39999999999998,1,1,1.0
37,3,209.63,252.7,92.60000000000002,40.10000000000002,1,1,1.0
38,2,46.4,369.0,151.0,74.50999999999999,1,1,1.0
38,3,209.64,252.7,92.60000000000002,40.10000000000002,1,1,1.0
39,2,15.71,373.96,159.48999999999998,74.51000000000005,1,1,1.0
39,3,209.65,252.7,92.6,40.10000000000002,1,1,1.0
40,2,0.21,380.16,151.39,74.50999999999999,1,1,1.0
40,3,209.65,252.7,92.6,40.10000000000002,1,1,1.0
41,2,0.8,385.74,123.8,74.50999999999999,1,1,1.0
41,3,209.66,252.7,92.6,40.10000000000002,1,1,1.0
42,2,0.8,388.5,102.3,79.5,1,1,1.0
42,3,209.67,252.7,92.6,40.10000000000002,1,1,1.0
43,2,0.8,393.5,74.7,69.19999999999999,1,1,1.0
43,3,209.67,252.7,92.6,40.10000000000002,1,1,1.0
44,2,0.8,408.4,47.800000000000004,54.30000000000001,1,1,1.0
44,3,209.68,252.7,92.59999999999997,40.10000000000002,1,1,1.0
45,2,0.8,408.4,21.9,54.30000000000001,1,1,1.0
45,3,209.69,252.7,92.60000000000002,40.10000000000002,1,1,1.0
46,3,209.69,252.7,92.60000000000002,40.10000000000002,1,1,1.0
47,3,209.7,252.7,92.60000000000002,40.10000000000002,1,1,1.0
48,3,209.71,252.7,92.6,40.10000000000002,1,1,1.0
49,3,209.71,252.7,92.6,40.10000000000002,1,1,1.0
50,3,209.72,252.7,92.6,40.10000000000002,1,1,1.0
51,3,209.73,252.7,92.6,40.10000000000002,1,1,1.0
51,4,955.1,232.24,4.899999999999977,46.69999999999999,1,1,1.0
52,3,209.73,252.7,92.6,40.10000000000002,1,1,1.0
52,4,951.8,228.3,8.200000000000045,50.639999999999986,1,1,1.0
53,3,209.74,252.7,92.59999999999997,40.10000000000002,1,1,1.0
53,4,947.5,228.3,12.5,50.639999999999986,1,1,1.0
54,3,209.75,252.7,92.60000000000002,40.10000000000002,1,1,1.0
54,4,942.7,228.3,17.299999999999955,56.89999999999998,1,1,1.0
55,3,209.75,252.7,92.60000000000002,40.10000000000002,1,1,1.0
55,4,938.2,228.3,21.799999999999955,57.19999999999999,1,1,1.0
56,3,209.76,252.7,92.60000000000002,40.10000000000002,1,1,1.0
56,4,934.4,229.68,25.600000000000023,57.19999999999999,1,1,1.0
57,3,209.77,252.7,92.6,40.10000000000002,1,1,1.0
57,4,927.8,229.68,32.200000000000045,61.01999999999998,1,1,1.0
58,3,209.76,253.24,92.60000000000002,40.099999999999966,1,1,1.0
58,4,924.3,229.68,35.700000000000045,62.01999999999998,1,1,1.0
59,3,209.49,254.03,92.59999999999997,40.099999999999994,1,1,1.0
59,4,917.9,229.68,42.10000000000002,63.920000000000016,1,1,1.0
60,3,209.49,254.14,92.59999999999997,40.10000000000002,1,1,1.0
60,4,914.1,225.9,45.89999999999998,67.49999999999997,1,1,1.0
61,3,209.49,254.25,92.59999999999997,40.10000000000002,1,1,1.0
61,4,910.1,225.9,49.89999999999998,68.20000000000002,1,1,1.0
62,3,209.49,254.36,92.59999999999997,40.099999999999966,1,1,1.0
62,4,903.5,225.9,56.5,69.6,1,1,1.0
63,3,209.49,254.47,92.59999999999997,40.099999999999994,1,1,1.0
63,4,898.3,227.1,61.700000000000045,73.6,1,1,1.0
64,3,209.49,254.51,92.59999999999997,40.10000000000002,1,1,1.0
64,4,891.2,227.1,68.79999999999995,73.1,1,1,1.0
65,3,209.49,254.54,92.59999999999997,40.099999999999994,1,1,1.0
65,4,886.0,227.1,74.0,74.29999999999998,1,1,1.0
66,3,209.49,254.58,92.59999999999997,40.099999999999994,1,1,1.0
66,4,880.8,227.1,79.20000000000005,75.00000000000003,1,1,0.0
67,3,209.49,254.61,92.59999999999997,40.099999999999966,1,1,1.0
67,4,873.2,227.1,86.79999999999995,77.6,1,1,0.0
68,3,209.49,255.02,92.59999999999997,40.099999999999994,1,1,1.0
68,4,867.7,227.1,92.29999999999995,78.50000000000003,1,1,0.0
69,3,209.49,255.43,92.59999999999997,40.099999999999966,1,1,1.0
69,4,862.2,227.1,97.79999999999995,80.70000000000002,1,1,0.0
70,3,209.49,255.83,92.59999999999997,40.099999999999994,1,1,1.0
70,4,855.3,227.1,104.70000000000005,81.4,1,1,0.0
71,3,209.63,255.9,92.60000000000002,40.099999999999994,1,1,1.0
71,4,847.9,227.1,112.10000000000002,82.79999999999998,1,1,0.0
72,3,209.76,255.97,92.60000000000002,40.099999999999994,1,1,1.0
72,4,840.5,228.7,119.5,83.10000000000002,1,1,0.0
73,3,209.62,255.99,92.60000000000002,40.099999999999966,1,1,1.0
73,4,834.8,229.4,125.20000000000005,83.79999999999998,1,1,0.0
73,5,824.46,255.24,9.639999999999986,26.96999999999997,1,1,0.0
74,3,209.48,256.0,92.6,40.10000000000002,1,1,1.0
74,4,827.0,230.1,133.0,85.50000000000003,1,1,0.0
74,5,818.26,255.86,8.340000000000032,26.96999999999997,1,1,0.0
75,3,209.34,256.02,92.6,40.10000000000002,1,1,1.0
75,4,819.1,231.3,140.89999999999998,86.39999999999998,1,1,0.0
75,5,808.03,257.72,10.269999999999982,26.96999999999997,1,1,0.0
76,3,209.2,256.04,92.60000000000002,40.099999999999966,1,1,1.0
76,4,810.5,232.9,149.5,87.79999999999998,1,1,0.0
76,5,800.9,258.03,8.700000000000045,26.970000000000027,1,1,0.0
77,3,209.06,256.05,92.60000000000002,40.099999999999966,1,1,1.0
77,4,803.6,232.9,156.39999999999998,89.70000000000002,1,1,0.0
77,5,790.67,259.89,13.030000000000086,26.970000000000027,1,1,0.0
78,3,208.92,256.07,92.6,40.10000000000002,1,1,1.0
78,4,796.0,234.8,164.0,90.09999999999997,1,1,0.0
78,5,781.68,260.82,13.030000000000086,26.970000000000027,1,1,0.0
79,3,208.75,255.95,92.60000000000002,40.10000000000002,1,1,1.0
79,4,787.2,236.0,172.79999999999995,90.5,1,1,0.0
79,5,773.31,260.2,13.030000000000086,26.970000000000027,1,1,0.0
80,3,208.57,255.82,92.60000000000002,40.10000000000002,1,1,1.0
80,4,778.4,236.0,181.60000000000002,92.60000000000002,1,1,0.0
80,5,759.36,262.06,18.340000000000032,26.96999999999997,1,1,0.0
81,3,208.39,255.7,92.60000000000002,40.10000000000002,1,1,1.0
81,4,770.3,236.7,170.70000000000005,93.5,1,1,0.0
81,5,750.99,263.3,18.340000000000032,26.039999999999964,1,1,0.0
82,3,208.22,255.57,92.6,40.10000000000002,1,1,1.0
82,4,762.0,238.09,172.98000000000002,93.49999999999997,1,1,0.0
82,5,742.8,263.92,23.100000000000023,26.039999999999964,1,1,0.0
83,3,208.04,255.45,92.6,40.10000000000002,1,1,1.0
83,4,753.4,238.55,176.01999999999998,95.84999999999997,1,1,0.0
83,5,732.3,264.37,25.600000000000023,26.04000000000002,1,1,0.0
84,3,207.86,255.32,92.59999999999997,40.10000000000002,1,1,1.0
84,4,743.7,239.25,180.39999999999998,96.75,1,1,0.0
84,5,720.9,263.3,30.100000000000023,27.69999999999999,1,1,0.0
85,3,207.69,255.2,92.60000000000002,40.10000000000002,1,1,1.0
85,4,735.1,240.17,182.74,96.76000000000002,1,1,0.0
85,5,710.6,263.7,30.399999999999977,27.75999999999999,1,1,0.0
86,3,207.74,255.15,92.59999999999997,40.07000000000002,1,1,1.0
86,4,726.1,241.79,186.41999999999996,98.81000000000003,1,1,0.0
86,5,700.2,263.9,31.09999999999991,28.77000000000004,1,1,0.0
86,6,912.8,241.71,8.57000000000005,31.48999999999998,1,1,1.0
87,3,207.8,255.1,92.59999999999997,40.03999999999999,1,1,1.0
87,4,715.43,243.18,191.5300000000001,99.32,1,1,0.0
87,5,688.78,264.07,30.920000000000073,28.769999999999982,1,1,0.0
87,6,907.47,242.4,8.569999999999936,31.49999999999997,1,1,1.0
88,3,207.86,255.05,92.59999999999997,40.00999999999999,1,1,1.0
88,4,705.7,243.42,193.14999999999998,101.18000000000004,1,1,0.0
88,5,676.2,264.59,32.799999999999955,28.77000000000004,1,1,0.0
88,6,899.14,243.33,8.56000000000006,31.48999999999998,1,1,1.0
89,3,207.91,255.01,92.6,39.98000000000002,1,1,1.0
89,4,696.4,244.11,196.43000000000006,103.69,1,1,0.0
89,5,664.26,265.11,35.440000000000055,28.769999999999982,1,1,0.0
89,6,893.58,244.72,8.569999999999936,31.48999999999998,1,1,1.0
90,3,207.97,254.96,92.6,39.95000000000002,1,1,1.0
90,4,686.2,244.81,200.6099999999999,105.29000000000002,1,1,0.0
90,5,652.7,265.46,39.59999999999991,31.04000000000002,1,1,0.0
90,6,886.86,244.95,8.569999999999936,31.5,1,1,1.0
91,3,208.03,254.91,92.6,39.91999999999999,1,1,1.0
91,4,676.0,247.12,204.78999999999996,105.48000000000002,1,1,0.0
91,5,640.07,266.3,55.32999999999993,31.899999999999977,1,1,0.0
91,6,863.5,246.8,25.67999999999995,29.599999999999966,1,1,1.0
92,3,208.08,254.86,92.6,39.889999999999986,1,1,1.0
92,4,664.5,248.05,208.85000000000002,107.05000000000001,1,1,0.0
92,5,626.75,266.3,60.049999999999955,31.899999999999977,1,1,0.0
92,6,839.37,245.6,39.620000000000005,32.650000000000006,1,1,1.0
93,3,208.14,254.81,92.60000000000002,39.860000000000014,1,1,1.0
93,4,653.0,249.91,212.60000000000002,108.59,1,1,0.0
93,5,615.16,266.3,69.13999999999999,31.899999999999977,1,1,0.0
93,6,832.1,247.03,40.870000000000005,30.059999999999974,1,1,1.0
94,3,208.2,254.77,92.60000000000002,39.83000000000001,1,1,1.0
94,4,642.8,249.91,215.36,111.09,1,1,0.0
94,5,603.57,267.17,72.63,31.889999999999986,1,1,0.0
94,6,821.0,247.03,43.39999999999998,32.16999999999999,1,1,1.0
95,3,208.25,254.72,92.60000000000002,39.79999999999998,1,1,1.0
95,4,631.6,251.46,219.12,111.09,1,1,0.0
95,5,591.12,267.86,73.88,31.899999999999977,1,1,0.0
95,6,812.9,247.26,44.09000000000003,32.170000000000016,1,1,1.0
96,3,208.31,254.67,92.60000000000002,39.77000000000001,1,1,1.0
96,4,619.8,253.32,223.48000000000002,114.18,1,1,0.0
96,5,577.97,268.03,79.52999999999997,33.27000000000004,1,1,0.0
96,6,802.7,248.65,46.17999999999995,32.16999999999999,1,1,1.0
97,3,208.37,254.62,92.60000000000002,39.74000000000001,1,1,1.0
97,4,609.3,254.25,226.54000000000008,115.14999999999998,1,1,0.0
97,5,565.34,269.24,79.52999999999997,33.26999999999998,1,1,0.0
97,6,788.8,249.57,54.75999999999999,32.18000000000001,1,1,1.0
98,3,208.42,254.57,92.6,39.70999999999998,1,1,1.0
98,4,597.5,255.49,229.35000000000002,117.61000000000001,1,1,0.0
98,5,553.75,269.76,79.52999999999997,33.26999999999998,1,1,0.0
98,6,778.87,249.57,51.950000000000045,12.03000000000003,1,1,1.0
99,3,208.48,254.53,92.6,39.66999999999999,1,1,1.0
99,4,584.8,257.04,234.61,118.25999999999999,1,1,0.0
99,5,544.24,271.14,84.36000000000001,33.27000000000004,1,1,0.0
99,6,770.07,249.57,51.94999999999993,10.129999999999995,1,1,1.0
100,3,208.54,254.48,92.6,39.650000000000006,1,1,1.0
100,4,573.9,257.04,238.68000000000006,121.06,1,1,0.0
100,5,525.04,270.97,89.75999999999999,33.26999999999998,1,1,0.0
100,6,760.58,250.73,51.94999999999993,13.169999999999987,1,1,1.0
101,3,208.59,254.43,92.6,39.620000000000005,1,1,1.0
101,4,557.5,258.9,245.77999999999997,122.90000000000003,1,1,0.0
101,5,511.72,270.8,93.77999999999997,34.69999999999999,1,1,0.0
101,6,740.0,251.19,63.299999999999955,13.170000000000016,1,1,1.0
102,3,208.65,254.38,92.6,39.59000000000003,1,1,1.0
102,4,547.3,260.45,246.37,124.44999999999999,1,1,0.0
102,5,498.22,271.66,96.38,34.73999999999995,1,1,0.0
102,6,730.74,251.43,63.299999999999955,13.159999999999968,1,1,1.0
103,3,208.71,254.33,92.6,39.559999999999974,1,1,1.0
103,4,534.0,261.69,252.85000000000002,125.70999999999998,1,1,0.0
103,5,485.42,272.7,96.37999999999994,34.74000000000001,1,1,0.0
103,6,720.55,252.35,63.30000000000007,13.169999999999987,1,1,1.0
104,3,208.76,254.28,92.60000000000002,39.53,1,1,1.0
104,4,518.2,262.62,260.5899999999999,129.07999999999998,1,1,0.0
104,5,471.07,273.39,99.32999999999998,34.74000000000001,1,1,0.0
104,6,709.89,253.05,63.30000000000007,13.170000000000016,1,1,1.0
104,7,951.73,235.08,8.269999999999982,27.819999999999965,1,1,1.0
105,3,208.82,254.24,92.60000000000002,39.5,1,1,1.0
105,4,504.6,263.24,264.5799999999999,133.45999999999998,1,1,0.0
105,5,457.05,273.39,102.74999999999994,34.74000000000001,1,1,0.0
105,6,699.47,253.74,63.299999999999955,13.170000000000016,1,1,1.0
105,7,948.5,226.3,11.5,37.19999999999999,1,1,1.0
106,3,208.88,254.19,92.60000000000002,39.47000000000003,1,1,1.0
106,4,490.0,265.1,269.26,135.59999999999997,1,1,0.0
106,5,442.87,273.91,102.75,34.73999999999995,1,1,0.0
106,6,684.2,253.97,69.30999999999995,13.169999999999987,1,1,1.0
106,7,943.5,215.3,16.5,49.599999999999966,1,1,1.0
107,3,208.93,254.14,92.59999999999997,39.44,1,1,1.0
107,4,474.2,266.96,277.31,138.04000000000002,1,1,0.0
107,5,429.55,275.47,99.84999999999997,34.73999999999995,1,1,0.0
107,6,672.39,255.13,69.31000000000006,13.170000000000016,1,1,1.0
107,7,942.5,215.3,17.5,50.599999999999966,1,1,1.0
108,3,208.99,254.09,92.59999999999997,39.41,1,1,1.0
108,4,459.9,268.83,280.45000000000005,139.57,1,1,0.0
108,5,415.54,275.82,103.25999999999993,36.079999999999984,1,1,0.0
108,6,660.81,256.29,69.31000000000006,13.169999999999959,1,1,1.0
108,7,936.7,215.3,23.299999999999955,51.39999999999998,1,1,1.0
109,3,209.05,254.04,92.59999999999997,39.380000000000024,1,1,1.0
109,4,442.2,272.55,288.8,140.55,1,1,0.0
109,5,398.76,276.2,107.24000000000001,36.910000000000025,1,1,0.0
109,6,643.4,256.1,79.80000000000007,17.799999999999955,1,1,1.0
109,7,932.5,215.3,27.5,51.39999999999998,1,1,1.0
110,3,209.1,254.0,92.6,39.35000000000002,1,1,1.0
110,4,426.4,272.2,293.80000000000007,145.60000000000002,1,1,0.0
110,5,386.48,276.2,106.12,36.910000000000025,1,1,0.0
110,6,629.3,256.33,83.48000000000002,17.80000000000001,1,1,1.0
110,7,926.3,215.3,33.700000000000045,53.599999999999966,1,1,1.0
111,3,209.16,253.95,92.6,39.31999999999999,1,1,1.0
111,4,411.4,273.26,298.1,148.44,1,1,0.0
111,5,373.33,276.72,106.12,36.90999999999997,1,1,0.0
111,6,606.6,256.33,95.29999999999995,22.470000000000027,1,1,1.0
111,7,923.7,215.3,36.299999999999955,53.599999999999966,1,1,1.0
112,3,209.22,253.9,92.6,39.28999999999999,1,1,1.0
112,4,390.2,275.77,311.03000000000003,150.23000000000002,1,1,0.0
112,5,358.8,277.76,106.12,36.910000000000025,1,1,0.0
112,6,594.56,257.49,95.29000000000008,22.46999999999997,1,1,1.0
112,7,918.7,215.3,41.299999999999955,53.599999999999966,1,1,1.0
113,3,209.27,253.83,92.6,39.28,1,1,1.0
113,4,376.9,276.49,312.85,156.31,1,1,0.0
113,5,344.1,277.93,106.12,37.46999999999997,1,1,0.0
113,6,581.36,258.65,95.28999999999996,22.470000000000027,1,1,1.0
113,7,913.5,215.3,46.5,55.599999999999966,1,1,1.0
114,3,209.33,253.77,92.6,39.25999999999996,1,1,1.0
114,4,359.0,279.36,322.14,157.03999999999996,1,1,0.0
114,5,329.57,280.01,109.23000000000002,37.47000000000003,1,1,0.0
114,6,565.38,258.88,98.72000000000003,28.519999999999982,1,1,0.0
114,7,909.3,215.3,50.700000000000045,55.599999999999966,1,1,1.0
115,3,209.39,253.7,92.60000000000002,39.25999999999999,1,1,1.0
115,4,340.3,281.16,327.57,160.64,1,1,0.0
115,5,314.69,280.53,109.23000000000002,37.460000000000036,1,1,0.0
115,6,551.95,259.8,98.71999999999991,28.30000000000001,1,1,0.0
115,7,905.5,215.3,54.5,55.599999999999966,1,1,1.0
116,3,209.44,254.25,92.60000000000002,38.629999999999995,1,1,1.0
116,4,320.2,284.03,337.62000000000006,162.77000000000004,1,1,0.0
116,5,298.95,281.91,110.94999999999999,37.46999999999997,1,1,0.0
116,6,551.02,260.04,86.88,28.289999999999964,1,1,0.0
116,7,900.5,215.3,59.5,55.599999999999966,1,1,1.0
117,3,209.5,254.8,92.60000000000002,38.0,1,1,1.0
117,4,302.3,286.9,343.33,164.60000000000002,1,1,0.0
117,5,284.25,283.47,110.94999999999999,37.46999999999997,1,1,0.0
117,6,521.84,261.2,104.45999999999992,30.610000000000014,1,1,0.0
117,7,894.3,215.3,65.70000000000005,57.80000000000001,1,1,1.0
118,3,209.5,254.8,92.60000000000002,38.0,1,1,1.0
118,4,280.4,287.61,353.75,168.58999999999997,1,1,0.0
118,5,268.16,285.2,110.94999999999999,37.47000000000003,1,1,0.0
118,6,506.79,261.7,106.31,32.19,1,1,0.0
118,7,888.3,215.3,71.70000000000005,59.80000000000001,1,1,1.0
119,3,209.5,254.9,92.60000000000002,37.900000000000006,1,1,1.0
119,4,259.6,288.33,362.7099999999999,173.57,1,1,0.0
119,5,252.1,285.2,113.00000000000003,38.19999999999999,1,1,0.0
119,6,492.43,263.1,106.31,32.870000000000005,1,1,0.0
119,7,884.7,215.3,73.29999999999995,60.0,1,1,1.0
120,3,209.5,255.0,92.60000000000002,37.80000000000001,1,1,1.0
120,4,239.5,290.12,370.26,178.27999999999997,1,1,0.0
120,5,236.01,287.1,115.29000000000002,39.23999999999995,1,1,0.0
120,6,476.92,263.8,107.47999999999996,34.25999999999999,1,1,0.0
120,7,878.3,216.9,75.5,59.99999999999997,1,1,1.0
121,3,209.5,255.3,92.60000000000002,37.5,1,1,1.0
121,4,215.8,293.44,381.50999999999993,182.45999999999998,1,1,0.0
121,5,218.71,288.31,118.18999999999997,39.24000000000001,1,1,0.0
121,6,464.0,265.0,110.21000000000004,34.68000000000001,1,1,0.0
121,7,873.7,217.7,75.5,60.0,1,1,1.0
122,3,209.5,254.92,92.60000000000002,36.930000000000035,1,1,1.0
122,4,192.6,296.35,392.26,185.75,1,1,0.0
122,5,202.45,288.31,118.19,39.24000000000001,1,1,0.0
122,6,451.26,265.47,109.24000000000001,37.21999999999997,1,1,0.0
122,7,868.29,218.1,75.5,60.00000000000003,1,1,1.0
123,3,209.5,254.54,92.60000000000002,36.359999999999985,1,1,1.0
123,4,165.2,297.59,406.79,190.31,1,1,0.0
123,5,184.81,290.56,118.18,39.24000000000001,1,1,0.0
123,6,435.28,266.2,100.42000000000007,38.60000000000002,1,1,0.0
123,7,862.3,219.1,77.49000000000001,58.20000000000002,1,1,1.0
124,3,209.5,255.23,92.60000000000002,38.22999999999999,1,1,1.0
124,4,146.1,300.08,413.86,195.72000000000003,1,1,0.0
124,5,169.07,291.25,119.43,39.24000000000001,1,1,0.0
124,6,420.9,266.66,110.89999999999998,38.639999999999986,1,1,0.0
124,7,857.3,219.7,78.69000000000005,59.0,1,1,1.0
125,3,209.5,255.4,92.60000000000002,38.49999999999997,1,1,1.0
125,4,115.9,303.94,430.56000000000006,200.26,1,1,0.0
125,5,152.13,291.25,121.32,42.39999999999998,1,1,0.0
125,6,404.92,268.05,114.37999999999994,38.639999999999986,1,1,0.0
125,7,851.9,219.9,79.27999999999997,59.79999999999998,1,1,1.0
126,3,209.5,255.43,92.60000000000002,38.52999999999997,1,1,1.0
126,4,88.9,304.58,441.48,208.02000000000004,1,1,0.0
126,5,134.1,292.5,122.57000000000002,41.14999999999998,1,1,0.0
126,6,390.56,268.28,114.38,42.120000000000005,1,1,0.0
126,7,845.7,220.9,80.4799999999999,59.79999999999998,1,1,1.0
127,3,209.51,255.47,92.60000000000002,38.559999999999974,1,1,1.0
127,4,62.5,306.51,455.03,212.49,1,1,0.0
127,5,116.8,295.09,122.57000000000001,41.150000000000034,1,1,0.0
127,6,377.4,268.52,115.73000000000002,42.110000000000014,1,1,0.0
127,7,839.9,220.7,80.47000000000003,59.80000000000001,1,1,1.0
128,3,209.51,255.5,92.60000000000002,38.589999999999975,1,1,1.0
128,4,33.6,309.08,467.21,219.52000000000004,1,1,0.0
128,5,98.8,296.31,125.52,43.389999999999986,1,1,0.0
128,6,362.35,269.91,115.72999999999996,42.10999999999996,1,1,0.0
128,7,832.7,220.5,82.87,61.19999999999999,1,1,1.0
129,3,209.51,255.53,92.60000000000002,38.619999999999976,1,1,1.0
129,4,7.2,312.3,479.47,223.40000000000003,1,1,0.0
129,5,79.08,298.0,128.32,43.80000000000001,1,1,0.0
129,6,347.99,270.14,115.73000000000002,43.960000000000036,1,1,0.0
129,7,827.5,220.5,83.26999999999998,61.19999999999999,1,1,1.0
130,3,209.52,255.57,92.6,38.650000000000034,1,1,1.0
130,4,0.0,314.87,472.52,223.39999999999998,1,1,0.0
130,5,61.78,299.2,128.02,44.5,1,1,0.0
130,6,332.7,271.99,117.82,43.95999999999998,1,1,0.0
130,7,820.5,220.7,84.86000000000001,61.19999999999999,1,1,1.0
131,3,209.52,255.6,92.6,38.67999999999998,1,1,1.0
131,4,0.64,318.73,457.1,219.34000000000003,1,1,0.0
131,5,41.54,299.89,133.56,45.00999999999999,1,1,0.0
131,6,315.8,272.45,120.39999999999998,44.44999999999999,1,1,0.0
131,7,813.3,221.1,87.06000000000006,61.20000000000002,1,1,1.0
132,3,209.53,255.63,92.6,38.70999999999998,1,1,1.0
132,4,0.0,320.66,437.81,219.33999999999997,1,1,0.0
132,5,22.34,303.0,133.56,45.00999999999999,1,1,0.0
132,6,302.4,273.38,120.60000000000002,49.120000000000005,1,1,0.0
132,7,807.1,221.9,88.65999999999997,61.20000000000002,1,1,1.0
133,3,209.53,255.67,92.6,38.74000000000004,1,1,1.0
133,4,0.0,324.51,423.02,215.49,1,1,0.0
133,5,3.49,303.7,133.54999999999998,46.0,1,1,0.0
133,6,285.96,275.0,122.64000000000004,49.120000000000005,1,1,0.0
133,7,800.5,222.9,88.64999999999998,61.20000000000002,1,1,1.0
134,3,209.53,255.7,92.6,38.77000000000004,1,1,1.0
134,4,0.0,327.73,404.38,212.26999999999998,1,1,0.0
134,5,0.0,305.6,117.84,46.0,1,1,0.0
134,6,269.52,275.23,122.64000000000004,49.120000000000005,1,1,0.0
134,7,793.89,223.3,88.64999999999998,61.19999999999999,1,1,1.0
135,3,209.54,255.74,92.6,38.789999999999964,1,1,1.0
135,4,0.0,330.3,384.45,209.7,1,1,0.0
135,5,0.0,307.16,100.2,46.0,1,1,0.0
135,6,254.46,276.16,122.64000000000001,49.11999999999995,1,1,0.0
135,7,786.9,223.7,89.63999999999999,62.400000000000034,1,1,1.0
135,8,691.6,521.8,99.04999999999995,18.00999999999999,1,1,1.0
136,3,209.54,255.77,92.6,38.819999999999965,1,1,1.0
136,4,0.0,335.44,367.74,204.56,1,1,0.0
136,5,0.0,308.71,81.69,46.01000000000005,1,1,0.0
136,6,239.64,277.08,122.63999999999999,49.129999999999995,1,1,0.0
136,7,780.1,223.7,92.03999999999996,62.400000000000034,1,1,1.0
136,8,691.6,516.7,117.69999999999993,23.1099999999999,1,1,1.0
137,3,209.54,255.8,92.6,38.860000000000014,1,1,1.0
137,4,0.0,338.02,349.1,201.98000000000002,1,1,0.0
137,5,0.0,309.58,64.05,46.0,1,1,1.0
137,6,220.42,278.01,126.38000000000002,52.09000000000003,1,1,0.0
137,7,772.1,223.9,93.23000000000002,63.99999999999997,1,1,1.0
137,8,704.5,510.9,126.70000000000005,28.909999999999968,1,1,1.0
138,3,209.55,255.84,92.59999999999997,38.880000000000024,1,1,1.0
138,4,0.0,342.51,331.1,196.20000000000005,1,1,0.0
138,5,0.0,312.52,46.23,40.78000000000003,1,1,1.0
138,6,204.44,279.63,126.38,51.370000000000005,1,1,0.0
138,7,765.1,224.5,94.23000000000002,64.19999999999999,1,1,1.0
138,8,709.6,505.1,131.89999999999998,34.70999999999992,1,1,1.0
139,3,209.55,255.87,92.59999999999997,38.90999999999997,1,1,1.0
139,4,0.0,346.37,310.52,193.63,1,1,0.0
139,5,0.0,318.4,25.3,37.30000000000001,1,1,1.0
139,6,187.77,281.72,126.37999999999997,51.35999999999996,1,1,0.0
139,7,757.3,225.3,96.42000000000007,64.19999999999999,1,1,1.0
139,8,719.2,500.0,133.19999999999993,39.809999999999945,1,1,1.0
140,3,209.56,255.9,92.60000000000002,38.95000000000002,1,1,1.0
140,4,0.0,350.23,289.31,189.76999999999998,1,1,0.0
140,5,0.0,323.6,6.61,23.099999999999966,1,1,1.0
140,6,170.4,282.18,126.37999999999997,51.370000000000005,1,1,0.0
140,7,749.89,226.1,96.43000000000006,64.20000000000002,1,1,1.0
140,8,725.63,494.9,135.76999999999998,45.10000000000002,1,1,1.0
141,3,209.56,255.94,92.60000000000002,38.97000000000003,1,1,1.0
141,4,0.0,354.09,267.45,185.91000000000003,1,1,0.0
141,6,154.65,283.8,126.37999999999997,51.370000000000005,1,1,0.0
141,7,743.3,226.7,96.81000000000006,64.19999999999999,1,1,1.0
141,8,734.63,489.8,135.76999999999998,48.910000000000025,1,1,1.0
142,3,209.56,255.97,92.60000000000002,39.00000000000003,1,1,1.0
142,4,0.0,356.01,249.45,183.99,1,1,0.0
142,6,137.29,284.73,130.51000000000002,51.35999999999996,1,1,0.0
142,7,735.1,226.9,98.80999999999995,64.20000000000002,1,1,1.0
142,8,744.27,482.1,135.76999999999998,57.89999999999998,1,1,1.0
143,3,209.57,256.0,92.60000000000002,39.04000000000002,1,1,1.0
143,4,0.0,361.16,221.17,178.83999999999997,1,1,0.0
143,6,117.1,284.5,138.20000000000002,54.60000000000002,1,1,0.0
143,7,727.49,227.91,98.80999999999995,64.19000000000003,1,1,1.0
143,8,753.91,475.0,135.7800000000001,65.0,1,1,1.0
144,3,209.57,256.04,92.60000000000002,39.06,1,1,1.0
144,4,0.0,365.01,199.95,174.99,1,1,0.0
144,6,99.96,285.88,138.2,54.610000000000014,1,1,0.0
144,7,719.1,228.11,100.60000000000002,65.19,1,1,1.0
144,8,764.2,469.9,128.69999999999993,68.81000000000006,1,1,1.0
145,3,209.57,256.07,92.60000000000002,39.09000000000003,1,1,1.0
145,4,0.0,369.51,177.45,170.49,1,1,0.0
145,6,81.44,287.04,139.56,54.60999999999996,1,1,0.0
145,7,710.5,228.91,102.59000000000003,65.19000000000003,1,1,1.0
145,8,774.49,466.7,128.70000000000005,72.02000000000004,1,1,1.0
146,3,209.58,256.1,92.6,39.129999999999995,1,1,1.0
146,4,0.0,374.66,153.67,165.33999999999997,1,1,0.0
146,6,65.69,287.74,139.56,54.599999999999966,1,1,0.0
146,7,701.9,228.91,104.38999999999999,65.19000000000003,1,1,1.0
146,8,784.77,462.2,126.13,77.16000000000003,1,1,1.0
147,3,209.58,256.14,92.6,39.150000000000034,1,1,1.0
147,4,0.0,377.87,127.31,162.13,1,1,0.0
147,6,46.7,290.05,139.56,54.610000000000014,1,1,0.0
147,7,692.69,229.11,104.38999999999999,66.19,1,1,1.0
147,8,795.7,458.3,121.59999999999991,80.41000000000003,1,1,1.0
148,3,209.59,256.17,92.6,39.18000000000001,1,1,1.0
148,4,0.0,383.02,99.67,156.98000000000002,1,1,0.0
148,6,28.17,290.51,143.02999999999997,56.69,1,1,0.0
148,7,684.3,229.5,105.97000000000003,67.0,1,1,1.0
148,8,804.7,451.2,120.29999999999995,83.66000000000003,1,1,1.0
149,3,209.59,256.2,92.6,39.22000000000003,1,1,1.0
149,4,0.0,383.02,79.09,156.98000000000002,1,1,0.0
149,6,7.3,290.75,147.69,59.64999999999998,1,1,0.0
149,7,677.7,229.9,105.96999999999991,66.99999999999997,1,1,1.0
149,8,811.8,449.27,118.34000000000003,83.65999999999997,1,1,1.0
150,3,209.59,256.24,92.6,39.24000000000001,1,1,1.0
150,4,0.0,397.16,48.24,142.83999999999997,1,1,0.0
150,6,0.0,292.6,136.93,59.64999999999998,1,1,0.0
150,7,669.09,230.3,105.96999999999991,67.0,1,1,1.0
150,8,821.44,444.13,118.34999999999991,83.65999999999997,1,1,1.0
151,3,209.6,256.27,92.6,39.27000000000004,1,1,1.0
151,6,0.0,293.53,119.33,59.650000000000034,1,1,0.0
151,7,659.5,230.91,107.96000000000004,66.98999999999998,1,1,1.0
151,8,830.4,439.63,113.24000000000001,83.65999999999997,1,1,1.0
152,3,209.6,256.31,92.6,39.30000000000001,1,1,1.0
152,6,0.0,294.92,102.19,59.64999999999998,1,1,0.0
152,7,650.1,230.71,109.54999999999995,66.98999999999998,1,1,1.0
152,8,834.9,435.13,113.24000000000001,83.65999999999997,1,1,1.0
153,3,209.6,256.34,92.6,39.33000000000004,1,1,1.0
153,6,0.0,296.07,83.66,56.829999999999984,1,1,0.0
153,7,639.9,230.71,111.95000000000005,68.39000000000001,1,1,1.0
153,8,845.19,430.6,109.40999999999997,81.10999999999996,1,1,1.0
154,3,209.61,256.37,92.59999999999997,39.360000000000014,1,1,1.0
154,6,0.0,298.16,65.83,55.639999999999986,1,1,0.0
154,7,629.9,230.91,114.13999999999999,68.39000000000001,1,1,1.0
154,8,852.3,424.17,107.44000000000005,81.12,1,1,1.0
155,3,209.61,256.41,92.59999999999997,39.379999999999995,1,1,1.0
155,6,0.0,300.71,47.31,55.64000000000004,1,1,1.0
155,7,620.89,231.31,114.13999999999999,68.38999999999999,1,1,1.0
155,8,862.58,423.5,97.41999999999996,76.63999999999999,1,1,1.0
156,3,209.61,256.44,92.59999999999997,39.420000000000016,1,1,1.0
156,6,0.0,302.56,29.01,55.639999999999986,1,1,1.0
156,7,612.49,231.11,114.13999999999999,68.38999999999999,1,1,1.0
156,8,868.37,419.0,91.63,76.63999999999999,1,1,1.0
157,3,209.62,256.47,92.60000000000002,39.44999999999999,1,1,1.0
157,6,0.0,307.2,10.7,44.10000000000002,1,1,1.0
157,7,603.48,232.91,114.13999999999999,68.39000000000001,1,1,1.0
157,8,876.08,415.79,83.91999999999996,76.63999999999999,1,1,1.0
158,3,209.62,256.51,92.60000000000002,39.47000000000003,1,1,1.0
158,7,592.9,233.51,116.12,68.38999999999999,1,1,1.0
158,8,882.51,411.93,77.49000000000001,76.63999999999999,1,1,1.0
159,3,209.63,256.54,92.60000000000002,39.50999999999999,1,1,1.0
159,7,583.29,234.11,116.12,68.38999999999999,1,1,1.0
159,8,887.01,410.0,72.99000000000001,68.30000000000001,1,1,1.0
160,3,209.63,256.57,92.60000000000002,39.54000000000002,1,1,1.0
160,7,571.9,234.11,118.70000000000005,68.38999999999999,1,1,1.0
160,8,893.44,406.79,66.55999999999995,68.29999999999995,1,1,1.0
161,3,209.63,256.61,92.60000000000002,39.56,1,1,1.0
161,7,559.5,233.91,121.09000000000003,71.39000000000001,1,1,1.0
161,8,901.16,402.93,58.84000000000003,68.30000000000001,1,1,1.0
162,3,209.64,256.64,92.60000000000002,39.60000000000002,1,1,1.0
162,7,550.89,233.51,121.10000000000002,71.38999999999999,1,1,1.0
162,8,907.58,399.71,52.41999999999996,68.30000000000001,1,1,1.0
163,3,209.64,256.67,92.60000000000002,39.629999999999995,1,1,1.0
163,7,546.9,234.91,116.68000000000006,71.39000000000001,1,1,1.0
163,8,914.01,393.93,45.99000000000001,68.30000000000001,1,1,1.0
164,3,209.64,256.71,92.60000000000002,39.650000000000034,1,1,1.0
164,7,528.3,236.31,125.88,71.38999999999999,1,1,0.0
164,8,919.15,392.64,40.85000000000002,68.30000000000001,1,1,1.0
165,3,209.65,256.74,92.6,39.69,1,1,1.0
165,7,517.49,237.11,125.88,71.38999999999999,1,1,0.0
165,8,924.3,390.71,35.700000000000045,68.30000000000001,1,1,1.0
166,3,209.65,256.77,92.6,39.72000000000003,1,1,1.0
166,7,507.29,237.71,125.86999999999995,71.39000000000001,1,1,0.0
166,8,930.08,386.86,29.91999999999996,68.30000000000001,1,1,1.0
167,3,209.66,256.81,92.6,39.74000000000001,1,1,1.0
167,7,495.68,238.11,125.86999999999995,71.38999999999999,1,1,0.0
167,8,934.58,384.27,24.129999999999995,63.170000000000016,1,1,1.0
168,3,209.66,256.84,92.6,39.78000000000003,1,1,1.0
168,7,486.27,238.91,125.87,71.39000000000001,1,1,0.0
168,8,939.08,381.06,20.91999999999996,63.170000000000016,1,1,1.0
169,3,209.66,256.88,92.6,39.80000000000001,1,1,1.0
169,7,471.5,238.51,131.24,71.38999999999999,1,1,0.0
169,8,945.51,391.3,14.490000000000009,50.360000000000014,1,1,1.0
170,3,209.67,256.91,92.6,39.829999999999984,1,1,1.0
170,7,461.89,239.91,131.24,71.39000000000001,1,1,0.0
171,3,209.67,256.94,92.6,39.870000000000005,1,1,1.0
171,7,449.08,240.91,131.24000000000007,71.39000000000001,1,1,0.0
172,3,209.67,256.98,92.6,39.889999999999986,1,1,1.0
172,7,438.67,242.71,131.23999999999995,71.39000000000001,1,1,0.0
173,3,209.68,257.01,92.59999999999997,39.920000000000016,1,1,1.0
173,7,426.5,241.11,133.20000000000005,71.38999999999999,1,1,0.0
174,3,209.68,257.04,92.59999999999997,39.95999999999998,1,1,1.0
174,7,412.7,240.91,140.8,74.98999999999998,1,1,0.0
175,3,209.69,257.08,92.60000000000002,39.98000000000002,1,1,1.0
175,7,398.9,240.91,136.20000000000005,74.98999999999998,1,1,1.0
176,3,209.69,257.11,92.60000000000002,40.00999999999999,1,1,1.0
176,7,390.09,241.31,136.2,74.99000000000001,1,1,1.0
177,3,209.69,257.14,92.60000000000002,40.04000000000002,1,1,1.0
177,7,378.68,241.91,136.2,74.98999999999998,1,1,0.0
178,3,209.7,257.18,92.60000000000002,40.06999999999999,1,1,1.0
178,7,369.88,240.71,136.2,78.59,1,1,0.0
179,3,209.7,257.21,92.60000000000002,40.10000000000002,1,1,1.0
179,7,358.87,241.91,136.2,78.59,1,1,0.0
180,3,209.6,256.78,92.6,40.10000000000002,1,1,1.0
180,7,347.86,241.11,136.2,78.58999999999997,1,1,0.0
181,3,209.5,256.34,92.60000000000002,40.10000000000002,1,1,1.0
181,7,332.1,241.71,141.75,78.59,1,1,0.0
182,3,209.5,256.19,92.60000000000002,40.10000000000002,1,1,1.0
182,7,320.49,242.11,141.76,78.58999999999997,1,1,0.0
183,3,209.5,256.05,92.60000000000002,40.099999999999966,1,1,1.0
183,7,310.08,241.31,141.76,78.58999999999997,1,1,0.0
184,3,209.5,255.9,92.60000000000002,40.099999999999994,1,1,1.0
184,7,300.48,242.31,141.75,78.58999999999997,1,1,0.0
185,3,207.9,255.9,92.6,40.099999999999994,1,1,0.0
185,7,290.47,243.11,141.75,78.58999999999997,1,1,0.0
186,3,207.9,255.9,92.6,40.099999999999994,1,1,0.0
186,7,278.66,244.71,141.75,78.59,1,1,0.0
187,3,207.9,255.9,92.6,40.099999999999994,1,1,0.0
187,7,267.05,245.71,141.76,78.59,1,1,0.0
188,3,207.9,255.9,92.6,40.099999999999994,1,1,0.0
188,7,256.24,244.11,141.76,78.58999999999997,1,1,0.0
189,3,207.9,255.9,92.6,40.099999999999994,1,1,0.0
189,7,244.64,245.51,141.75,78.59000000000003,1,1,0.0
190,3,207.9,255.9,92.6,40.099999999999994,1,1,0.0
190,7,227.6,246.31,148.17999999999998,82.19,1,1,0.0
