1,1,53.4,61.53,120.07,58.41,1,1,0.0
1,2,0.0,16.51,17.9,25.09,1,1,1.0
1,3,308.48,0.68,403.9,114.63999999999999,1,1,1.0
1,4,97.86,0.0,222.62,68.67,1,1,0.0
2,1,33.04,57.51,120.07000000000002,58.410000000000004,1,1,0.0
2,2,0.0,16.51,9.2,25.09,1,1,1.0
2,3,308.48,0.68,403.9,114.63999999999999,1,1,1.0
2,4,97.86,0.0,222.62,68.67,1,1,0.0
3,1,18.84,53.76,114.46000000000001,58.410000000000004,1,1,0.0
3,3,308.48,0.68,403.9,114.63999999999999,1,1,1.0
3,4,97.86,0.0,222.62,68.67,1,1,0.0
4,1,2.76,51.08,110.44,57.019999999999996,1,1,0.0
4,3,308.48,0.68,403.9,114.63999999999999,1,1,1.0
4,4,97.86,0.0,222.62,68.67,1,1,0.0
5,1,0.0,48.4,94.18,54.9,1,1,0.0
5,3,308.48,0.68,403.9,114.63999999999999,1,1,1.0
5,4,97.86,0.0,222.62,68.67,1,1,0.0
6,1,0.0,46.25,73.01,49.55,1,1,0.0
6,3,308.48,0.68,403.9,114.63999999999999,1,1,1.0
6,4,97.86,0.0,222.62,68.67,1,1,0.0
7,1,0.0,44.11,57.2,49.55,1,1,0.0
7,3,308.48,0.68,403.9,114.63999999999999,1,1,1.0
7,4,97.86,0.0,222.62,68.67,1,1,0.0
8,1,0.0,41.97,39.25,49.540000000000006,1,1,0.0
8,3,308.48,0.68,403.9,114.63999999999999,1,1,1.0
8,4,97.86,0.0,222.62,68.67,1,1,0.0
9,1,0.0,44.38,24.51,37.52,1,1,0.0
9,3,308.48,0.68,403.9,114.63999999999999,1,1,1.0
9,4,97.86,0.0,222.62,68.67,1,1,0.0
10,1,0.0,47.59,11.38,28.709999999999994,1,1,0.0
10,3,308.48,0.68,403.9,114.63999999999999,1,1,1.0
10,4,97.86,0.0,222.62,68.67,1,1,0.0
11,5,869.99,179.26,90.00999999999999,87.24000000000001,1,1,1.0
11,3,308.48,0.68,403.9,114.63999999999999,1,1,1.0
11,4,97.86,0.0,222.62,68.67,1,1,0.0
12,5,823.32,171.5,136.67999999999995,90.0,1,1,1.0
12,3,308.48,0.68,403.9,114.63999999999999,1,1,1.0
12,4,97.86,0.0,222.62,68.67,1,1,0.0
13,5,781.1,160.9,178.89999999999998,100.6,1,1,0.0
13,3,308.48,0.68,403.9,114.63999999999999,1,1,1.0
13,4,97.86,0.0,222.62,68.67,1,1,0.0
14,5,732.8,152.0,227.20000000000005,117.80000000000001,1,1,0.0
14,3,308.48,0.68,403.9,114.63999999999999,1,1,1.0
14,4,97.86,0.0,222.62,68.67,1,1,0.0
15,5,696.1,144.8,263.9,116.69999999999999,1,1,0.0
15,6,0.0,170.25,33.07,66.27000000000001,1,1,1.0
15,3,308.48,0.68,403.9,114.63999999999999,1,1,1.0
15,4,97.86,0.0,222.62,68.67,1,1,0.0
16,5,657.8,132.02,269.4200000000001,116.69999999999999,1,1,0.0
16,6,0.0,169.39,55.4,79.21000000000001,1,1,1.0
16,3,308.48,0.68,403.9,114.63999999999999,1,1,1.0
16,4,97.86,0.0,222.62,68.67,1,1,0.0
17,5,611.68,129.8,269.4200000000001,111.1,1,1,0.0
17,6,0.0,169.39,71.8,95.61000000000001,1,1,1.0
17,3,308.48,0.68,403.9,114.63999999999999,1,1,1.0
17,4,97.86,0.0,222.62,68.67,1,1,0.0
18,5,582.8,122.6,254.97000000000003,108.30000000000001,1,1,0.0
18,6,0.0,169.39,101.1,111.11000000000001,1,1,1.0
18,3,308.48,0.68,403.9,114.63999999999999,1,1,1.0
18,4,97.86,0.0,222.62,68.67,1,1,0.0
19,5,542.24,112.04,254.97000000000003,108.3,1,1,0.0
19,6,0.0,169.39,125.2,125.71000000000004,1,1,1.0
19,3,308.48,0.68,403.9,114.63999999999999,1,1,1.0
19,4,97.86,0.0,222.62,68.67,1,1,0.0
20,5,512.8,104.26,240.51,108.3,1,1,0.0
20,6,0.0,181.3,150.2,130.2,1,1,1.0
20,3,308.48,0.68,403.9,114.63999999999999,1,1,1.0
20,4,97.86,0.0,222.62,68.67,1,1,0.0
21,5,483.9,104.8,224.40999999999997,97.21,1,1,0.0
21,6,0.0,189.5,168.3,131.5,1,1,1.0
21,3,308.48,0.68,403.9,114.63999999999999,1,1,1.0
21,4,97.86,0.0,222.62,68.67,1,1,0.0
22,5,451.67,97.58,224.42000000000002,97.21,1,1,0.0
22,6,0.0,196.9,200.1,137.9,1,1,1.0
22,3,308.48,0.68,403.9,114.63999999999999,1,1,1.0
22,4,97.86,0.0,222.62,68.67,1,1,0.0
23,5,425.01,97.0,214.39,90.56,1,1,0.0
23,6,9.5,203.8,214.7,149.07,1,1,1.0
23,3,308.48,0.68,403.9,114.63999999999999,1,1,1.0
23,4,97.86,0.0,222.62,68.67,1,1,0.0
24,5,400.0,90.89,204.39999999999998,90.55999999999999,1,1,0.0
24,6,33.3,212.73,229.59999999999997,156.47,1,1,1.0
24,3,308.48,0.68,403.9,114.63999999999999,1,1,1.0
24,4,97.86,0.0,222.62,68.67,1,1,0.0
25,5,375.6,86.4,199.89999999999998,87.82999999999998,1,1,0.0
25,6,57.1,223.1,237.00000000000003,163.95000000000002,1,1,1.0
25,3,308.48,0.68,403.9,114.63999999999999,1,1,1.0
25,4,97.86,0.0,222.62,68.67,1,1,0.0
26,5,350.6,83.6,193.78999999999996,82.28999999999999,1,1,0.0
26,6,80.16,235.7,257.84000000000003,173.7,1,1,1.0
26,3,308.48,0.68,403.9,114.63999999999999,1,1,1.0
26,4,97.86,0.0,222.62,68.67,1,1,0.0
27,5,327.3,76.38,187.09999999999997,82.28999999999999,1,1,0.0
27,6,105.45,245.37,280.15000000000003,185.63,1,1,1.0
27,3,308.48,0.68,403.9,114.63999999999999,1,1,1.0
27,4,97.86,0.0,222.62,68.67,1,1,0.0
28,5,300.63,73.04,187.10000000000002,82.3,1,1,0.0
28,6,141.15,260.25,298.75,199.75,1,1,1.0
28,3,308.48,0.68,403.9,114.63999999999999,1,1,1.0
28,4,97.86,0.0,222.62,68.67,1,1,0.0
29,5,290.1,68.04,163.7,82.3,1,1,0.0
29,6,172.39,272.89,323.31,213.91000000000003,1,1,1.0
29,7,912.65,186.93,47.35000000000002,61.94,1,1,1.0
29,3,308.48,0.68,403.9,114.63999999999999,1,1,1.0
29,4,97.86,0.0,222.62,68.67,1,1,0.0
30,5,265.1,63.04,167.58999999999997,82.29000000000002,1,1,0.0
30,6,216.27,290.0,341.13,228.0,1,1,1.0
30,7,864.2,182.1,95.79999999999995,66.77000000000001,1,1,1.0
30,3,308.48,0.68,403.9,114.63999999999999,1,1,1.0
30,4,97.86,0.0,222.62,68.67,1,1,0.0
31,5,247.9,64.7,162.01000000000002,75.63000000000001,1,1,0.0
31,6,249.75,304.87,373.15,235.13,1,1,1.0
31,7,815.2,161.9,144.79999999999995,86.97999999999999,1,1,1.0
31,3,308.48,0.68,403.9,114.63999999999999,1,1,1.0
31,4,97.86,0.0,222.62,68.67,1,1,0.0
32,5,226.79,60.3,162.00000000000003,72.26,1,1,0.0
32,6,303.3,326.44,383.59999999999997,213.56,1,1,1.0
32,7,774.4,150.4,185.60000000000002,98.47,1,1,1.0
32,3,308.48,0.68,403.9,114.63999999999999,1,1,1.0
32,4,97.86,0.0,222.62,68.67,1,1,0.0
33,5,214.6,55.85,150.29999999999998,72.26000000000002,1,1,0.0
33,6,350.9,342.06,405.9,197.94,1,1,1.0
33,7,726.4,132.2,233.60000000000002,116.67000000000002,1,1,0.0
33,3,308.48,0.68,403.9,114.63999999999999,1,1,1.0
33,4,97.86,0.0,222.62,68.67,1,1,0.0
34,5,198.5,54.7,143.07,67.85,1,1,0.0
34,6,413.38,368.1,415.52,171.89999999999998,1,1,1.0
34,7,688.0,124.0,247.51,108.55000000000001,1,1,0.0
34,3,308.48,0.68,403.9,114.63999999999999,1,1,1.0
34,4,97.86,0.0,222.62,68.67,1,1,0.0
35,5,180.17,51.37,143.06000000000003,67.85,1,1,0.0
35,6,475.12,394.13,420.67999999999995,145.87,1,1,1.0
35,7,643.82,112.48,247.51,108.54,1,1,0.0
35,3,308.48,0.68,403.9,114.63999999999999,1,1,1.0
35,4,97.86,0.0,222.62,68.67,1,1,0.0
36,5,167.9,49.7,135.33,67.85,1,1,0.0
36,6,539.83,425.37,420.16999999999996,114.63,1,1,1.0
36,7,611.6,108.2,232.66999999999996,103.7,1,1,0.0
36,3,308.48,0.68,403.9,114.63999999999999,1,1,1.0
36,4,97.86,0.0,222.62,68.67,1,1,0.0
37,5,149.57,47.48,135.32999999999998,67.85,1,1,0.0
37,6,638.01,455.12,321.99,84.88,1,1,1.0
37,7,572.2,99.08,229.80999999999995,103.7,1,1,0.0
37,3,308.48,0.68,403.9,114.63999999999999,1,1,1.0
37,4,97.86,0.0,222.62,68.67,1,1,0.0
38,5,139.0,49.1,130.89999999999998,63.449999999999996,1,1,0.0
38,6,757.76,489.33,202.24,50.670000000000016,1,1,1.0
38,7,541.5,92.35,218.74,103.70000000000002,1,1,0.0
38,3,308.48,0.68,403.9,114.63999999999999,1,1,1.0
38,4,97.86,0.0,222.62,68.67,1,1,0.0
39,5,126.8,45.2,124.76,60.67999999999999,1,1,0.0
39,7,510.8,88.5,208.61999999999995,96.99000000000001,1,1,1.0
39,3,308.48,0.68,403.9,114.63999999999999,1,1,1.0
39,4,97.86,0.0,222.62,68.67,1,1,0.0
40,5,110.13,43.53,124.75999999999999,60.69,1,1,0.0
40,7,480.1,82.7,201.86,92.21999999999998,1,1,1.0
40,3,308.48,0.68,403.9,114.63999999999999,1,1,1.0
40,4,97.86,0.0,222.62,68.67,1,1,0.0
41,5,99.02,41.31,124.76,60.69,1,1,0.0
41,7,449.4,79.8,194.63,86.96,1,1,1.0
41,3,308.48,0.68,403.9,114.63999999999999,1,1,1.0
41,4,97.86,0.0,222.62,68.67,1,1,0.0
42,5,86.8,38.53,116.39999999999999,60.69,1,1,0.0
42,7,417.71,70.68,194.62000000000006,86.95999999999998,1,1,1.0
42,3,308.48,0.68,403.9,114.63999999999999,1,1,1.0
42,4,97.86,0.0,222.62,68.67,1,1,0.0
43,5,75.13,35.8,112.47,57.86,1,1,0.0
43,7,394.7,72.6,183.54000000000002,80.72,1,1,1.0
43,3,308.48,0.68,403.9,114.63999999999999,1,1,1.0
43,4,97.86,0.0,222.62,68.67,1,1,0.0
44,5,63.46,34.7,112.47,55.06999999999999,1,1,0.0
44,7,369.2,69.2,173.50000000000006,74.99,1,1,1.0
44,3,308.48,0.68,403.9,114.63999999999999,1,1,1.0
44,4,97.86,0.0,222.62,68.67,1,1,0.0
45,5,54.0,33.03,106.93,55.08,1,1,0.0
45,7,349.0,63.92,165.37,74.99,1,1,1.0
45,3,308.48,0.68,403.9,114.63999999999999,1,1,1.0
45,4,97.86,0.0,222.62,68.67,1,1,0.0
46,5,45.7,33.0,101.89999999999999,52.33,1,1,0.0
46,7,320.19,60.08,165.37,74.99,1,1,1.0
46,3,308.48,0.68,403.9,114.63999999999999,1,1,1.0
46,4,97.86,0.0,222.62,68.67,1,1,0.0
47,5,32.37,29.67,101.88999999999999,52.31999999999999,1,1,0.0
47,7,293.78,55.75,165.37,75.0,1,1,1.0
47,3,308.48,0.68,403.9,114.63999999999999,1,1,1.0
47,4,97.86,0.0,222.62,68.67,1,1,0.0
48,5,24.6,30.2,96.33000000000001,50.129999999999995,1,1,0.0
48,7,280.3,51.9,151.95999999999998,71.64000000000001,1,1,1.0
48,3,308.48,0.68,403.9,114.63999999999999,1,1,1.0
48,4,97.86,0.0,222.62,68.67,1,1,0.0
49,5,13.49,28.53,96.33,50.129999999999995,1,1,0.0
49,7,261.1,51.9,146.19,68.28,1,1,1.0
49,3,308.48,0.68,403.9,114.63999999999999,1,1,1.0
49,4,97.86,0.0,222.62,68.67,1,1,0.0
50,5,4.04,25.2,96.33,50.129999999999995,1,1,0.0
50,7,243.3,47.58,141.89999999999998,68.28,1,1,1.0
50,3,308.48,0.68,403.9,114.63999999999999,1,1,1.0
50,4,97.86,0.0,222.62,68.67,1,1,0.0
51,5,0.0,25.75,85.93,50.129999999999995,1,1,1.0
51,7,222.65,43.74,141.9,68.28,1,1,1.0
51,3,308.48,0.68,403.9,114.63999999999999,1,1,1.0
51,4,97.86,0.0,222.62,68.67,1,1,0.0
52,5,0.0,22.98,75.93,45.14,1,1,1.0
52,7,211.1,38.45,130.88000000000002,68.28999999999999,1,1,1.0
52,3,308.48,0.68,403.9,114.63999999999999,1,1,1.0
52,4,97.86,0.0,222.62,68.67,1,1,0.0
53,5,0.0,20.75,70.37,45.150000000000006,1,1,1.0
53,7,189.01,38.9,130.88,64.94999999999999,1,1,1.0
53,3,308.48,0.68,403.9,114.63999999999999,1,1,1.0
53,4,97.86,0.0,222.62,68.67,1,1,0.0
54,5,0.0,20.2,58.15,45.14,1,1,1.0
54,7,180.4,35.54,124.6,64.94999999999999,1,1,1.0
54,3,308.48,0.68,403.9,114.63999999999999,1,1,1.0
54,4,97.86,0.0,222.62,68.67,1,1,0.0
55,5,0.0,15.75,51.48,45.15,1,1,1.0
55,7,161.19,37.0,124.61000000000001,60.129999999999995,1,1,1.0
55,3,308.48,0.68,403.9,114.63999999999999,1,1,1.0
55,4,97.86,0.0,222.62,68.67,1,1,0.0
56,5,0.0,16.87,39.81,45.14,1,1,1.0
56,7,144.87,34.6,124.60000000000002,60.13,1,1,1.0
56,3,308.48,0.68,403.9,114.63999999999999,1,1,1.0
56,4,97.86,0.0,222.62,68.67,1,1,0.0
57,5,0.0,15.75,29.81,45.15,1,1,1.0
57,7,135.3,35.1,116.39999999999998,58.190000000000005,1,1,1.0
57,3,308.48,0.68,403.9,114.63999999999999,1,1,1.0
57,4,97.86,0.0,222.62,68.67,1,1,0.0
58,5,0.0,15.2,24.25,45.14,1,1,1.0
58,7,119.93,32.22,116.41,58.19,1,1,1.0
58,3,308.48,0.68,403.9,114.63999999999999,1,1,1.0
58,4,97.86,0.0,222.62,68.67,1,1,0.0
59,5,0.0,22.47,13.19,34.54,1,1,1.0
59,7,110.3,34.6,108.27,53.88999999999999,1,1,1.0
59,3,308.48,0.68,403.9,114.63999999999999,1,1,1.0
59,4,97.86,0.0,222.62,68.67,1,1,0.0
60,7,96.85,32.2,108.27000000000001,53.89,1,1,1.0
60,3,308.48,0.68,403.9,114.63999999999999,1,1,1.0
60,4,97.86,0.0,222.62,68.67,1,1,0.0
